$ 65 0.000005 9.78399845368213 56 5 43 5e-11
r 272 512 272 576 0 120
w 272 512 272 448 2
r 240 512 240 576 0 1
g 240 576 240 592 0 0
g 272 576 272 592 0 0
w 240 448 272 448 0
w 208 80 208 32 1
t 80 304 208 304 0 -1 -0.606481430611888 -0.6932280939681235 500 default
r 208 80 208 128 0 1
r 144 192 144 240 0 8200
g 144 240 144 256 0 0
s 240 448 240 512 0 1 false
r 80 304 80 368 0 2200
g 80 368 80 384 0 0
w 80 80 208 80 0
r 144 144 144 192 0 470
t 144 192 80 192 0 -1 0.16941566607936043 -0.5665526691485283 500 default
w 80 304 80 208 0
w 208 288 208 128 0
w 80 80 80 176 0
s 208 448 208 512 0 1 false
g 208 576 208 592 0 0
w 208 576 208 512 0
w 208 448 240 448 0
w 208 448 208 320 2
R 208 32 208 0 0 0 40 5 0 0 0.5
174 112 128 160 144 1 1000 0.5 Resistance
w 208 128 176 128 0
w 208 320 256 320 0
c 256 320 256 368 0 0.00009999999999999999 4.870513095383999 0.001
g 256 368 256 384 0 0
w 256 320 320 320 0
z 320 368 320 320 2 default-zener
g 320 368 320 384 0 0
