$ 1 0.000002 4.621633621589249 61 5 43 5e-11
R 224 208 176 208 0 2 1000 0.1 0.1 0 0.14
c 224 208 256 208 0 0.000009999999999999999 0.004541294363475069 0.001
r 256 208 256 256 0 8200
g 256 256 256 272 0 0
370 752 192 752 224 1 0 0
r 528 208 528 256 0 56000
g 528 256 528 272 0 0
r 688 192 752 192 0 680
g 752 224 752 240 0 0
c 496 208 528 208 0 1e-7 0.019404322365420824 0.001
w 496 208 256 208 0
a 608 192 688 192 8 5 0 1000000 0.01069137562366358 -0.02394561672889589 100000
w 528 208 608 208 0
R 528 48 528 16 0 0 40 5 0 0 0.5
r 528 48 528 96 0 56000
r 528 96 528 144 0 120
g 528 144 528 160 0 0
w 528 96 576 96 0
w 576 96 576 176 0
w 496 336 256 336 0
g 256 384 256 400 0 0
r 256 336 256 384 0 8200
c 224 336 256 336 0 0.000009999999999999999 0.02177908440441932 0.001
R 224 336 176 336 0 2 1000 0.1 0.1 0 0.79
c 496 336 528 336 0 1e-7 0.12054585238951411 0.001
g 528 384 528 400 0 0
r 528 336 528 384 0 56000
w 528 336 608 336 0
w 576 176 608 176 0
w 576 176 576 304 0
w 576 304 608 304 0
a 608 320 688 320 8 5 0 1000000 0.01069137562366358 -0.14232493679393343 100000
g 752 352 752 368 0 0
r 688 320 752 320 0 680
370 752 320 752 352 1 0 0
o 4 4 0 167937 0.0001 0.010000212228611036 0 2 4 3
o 12 4 0 12290 0.2000000000000001 0.0001 1 6 12 3 0 0 0 3 18 0 18 3
38 0 F1 5 0 100 -1 Duty\sCycle
38 23 F1 5 0 100 -1 Duty\sCycle
